# Binned (from 5-pixel column-level) transit depths for mornings and evenings.
# These depths are at a resolution of 100. 
# 
#
# Original fits preformed with catwoman (https://catwoman.readthedocs.io/) to the Data Synthesis NIRSpec/PRISM dataset.
#
# Author: Nestor Espinoza (nespinoza@stsci.edu)
#
# Column 0:  Wavelength (um)
# Column 1:  Evening depths (ppm)
# Column 2:  Error on evening depths (ppm)
# Column 3:  Morning depths (ppm)
# Column 4:  Error on morning depths (ppm)
# Column 5:  Covariance between Morning and Evening depths
#
0.525680 10983.95 830.29 10191.73 1009.09 -812951.55
0.544010 10720.67 510.69 10799.85 652.27 -325210.40
0.564354 11049.99 389.73 10433.19 510.19 -195165.45
0.587072 11373.71 325.46 10105.87 435.30 -139555.17
0.612620 10906.24 292.35 10441.47 392.75 -113216.85
0.641567 10708.77 261.16 10508.35 353.47 -91052.89
0.674616 10898.27 231.37 10191.96 314.02 -71712.54
0.712653 10493.26 208.75 10763.78 283.93 -58418.86
0.756773 10976.15 292.69 9953.84 387.08 -111239.14
0.808285 10713.50 267.64 10258.37 355.46 -93381.80
0.868663 10573.72 248.89 10293.20 328.67 -80125.52
0.939383 10910.92 228.64 10187.52 303.93 -68182.68
1.021575 10466.62 211.07 10497.56 281.42 -58217.91
1.115491 10728.18 204.64 10517.96 271.15 -54314.55
1.220071 10672.01 183.00 10517.73 244.04 -43685.36
1.332922 10789.23 179.97 10779.24 237.42 -41714.20
1.450895 11034.22 189.30 10441.70 253.47 -47002.20
1.570903 10273.46 181.57 10843.47 237.22 -41985.61
1.690500 10575.87 189.12 10345.31 245.19 -45116.23
1.808045 10492.94 159.75 10992.28 208.17 -32261.34
1.922588 10963.39 128.73 10599.85 171.96 -21624.28
2.033666 10705.98 131.77 10401.46 175.20 -22537.53
2.141128 10572.39 131.28 10533.69 173.43 -22148.55
2.245005 10526.16 138.80 10446.45 181.79 -24571.53
2.345426 10847.32 149.07 10354.13 195.37 -28361.40
2.442567 10921.89 157.73 10458.23 206.95 -31768.68
2.536623 10964.09 158.29 10750.97 204.77 -31422.34
2.627792 11141.99 165.75 10732.15 214.53 -34471.38
2.716264 11170.44 172.44 10791.12 224.26 -37488.29
2.802219 11232.09 188.33 10893.22 242.45 -44245.32
2.885823 10796.59 182.18 11283.33 231.74 -40702.72
2.967230 10893.37 195.08 10906.61 246.42 -46353.26
3.046580 11012.17 213.08 10698.17 272.84 -56305.59
3.124003 11056.80 213.85 10474.69 269.91 -55673.92
3.199614 10638.01 213.73 10844.05 269.50 -55587.84
3.273521 10681.40 226.76 10607.50 282.77 -61808.22
3.345823 10954.55 244.33 10324.31 308.86 -73020.59
3.416608 10402.87 221.08 11030.85 273.39 -57922.19
3.503013 10491.00 202.25 10941.78 251.11 -48899.22
3.604033 11012.15 216.50 10226.68 270.60 -56428.83
3.702260 10548.14 223.77 10631.60 277.05 -59568.29
3.797892 10580.50 237.33 10520.40 294.10 -67130.26
3.891108 10912.88 258.83 10051.93 322.90 -80525.40
3.982067 10662.97 259.30 10675.58 315.66 -78496.41
4.070911 11226.17 277.64 9991.58 341.53 -91149.40
4.157768 10591.18 267.08 10777.06 326.24 -83201.34
4.242756 11510.70 287.65 10551.09 354.72 -97684.07
4.325978 11547.03 298.86 11158.08 365.79 -104431.86
4.407532 12361.66 341.20 10138.71 421.88 -138266.86
4.487505 11759.23 361.02 10072.91 443.21 -153551.96
4.565977 11009.86 352.57 10679.28 427.88 -143979.80
4.643022 11012.82 355.11 10546.28 429.26 -145140.94
4.718708 11322.98 389.14 10073.01 472.16 -175661.33
4.793097 11039.88 382.89 10618.33 461.92 -168585.12
4.878285 10878.25 357.25 10504.87 433.25 -147513.67
4.973734 11444.10 368.53 9888.75 441.14 -154988.26
5.067207 10579.89 359.84 10878.35 421.80 -143200.88
5.158810 11213.59 412.11 9978.81 491.17 -192118.81
5.248639 10956.22 399.10 10562.46 472.66 -178226.78
