# Fits to JWST/NIRSpec/PRISM data synthesis group transit data of WASP-39 b
#   using the data set "bins_scale4.npz"
# Fits performed using catwoman
# Author: Matthew Murphy (mmmurphy@arizona.edu)
#
# 0 - Bin Wavelength [micron]
# 1 - Evening Depths [ppm]
# 2 - Error on Evening Depths [ppm]
# 3 - Morning Depths [ppm]
# 4 - Error on Morning Depths [ppm]
# 5 - Estimated covariance between limb depths
#
0.530479661 10579.102387466488 266.163321838002 10860.546129200553 265.652082087228 -43118.19787092504
0.55955789525 10492.213779487098 288.88649231916503 11149.032744955077 285.9268121851036 -9272.942702226803
0.59381829075 10737.007077756842 215.38405260489955 10941.011976292231 214.5365875626518 -4201.991419352904
0.63482290175 10441.283499846812 178.44032501064152 10859.922668629684 179.15792326374444 -2690.1028634873583
0.6847583965 10304.259067011522 152.9507196443021 10899.06564160267 150.9944065217389 -1929.8871684295914
0.74664211325 10235.906389731032 153.82649611547654 10794.402735120158 153.30907316114954 -1943.5580154437325
0.82451144425 10167.48968777096 154.05405950918248 10801.747794953102 152.09859046647273 -1882.3523181267888
0.923136488 10412.096111698296 181.7392340266092 10607.252039429022 181.49993285814477 -2720.6929489144313
1.04653624475 10345.978151550114 179.33018142740428 10678.40316114502 180.74879416054998 -2614.600984240342
1.1950204935 10479.541000972013 172.31008550483318 10681.386860929055 171.58225703293218 -2390.73681375497
1.3630004009999999 10622.880602652358 174.27097983151248 10814.623571487331 172.5199700792568 -2456.520922408844
1.54086817825 10454.717747206547 166.6592406833491 10719.518066418861 165.8017446721777 -2273.861651003718
1.71959976425 10458.243518134926 150.86686901768232 10589.088560173792 151.50433875251449 -1857.2916855279639
1.89351822075 10717.847980704682 138.0678829937924 10774.783055306769 137.57077783037442 -1491.1694077397608
2.060076318 10473.715985578847 93.60524727631646 10630.05379506153 93.00793771503058 -1559.1922497930702
2.21860063475 10207.816839425135 104.0384879210389 10723.587497461273 102.43118123830686 -1854.9940479650222
2.36930427775 10503.539735206161 114.72948585036205 10735.511725971723 111.68619251384578 -2322.087335284962
2.512745685 10864.069025442745 118.86852510409106 10735.560607411911 120.01620423294041 -2701.9251265636376
2.64957633675 11111.589398692136 130.2092331632117 10817.832849956043 129.29686726394144 -3169.450663818653
2.7804340335 11028.438910807556 142.96383719486278 11000.125293247598 140.42597981632835 -3818.789303097897
2.9059026142500004 11129.471390484307 152.548127129285 10777.792974364284 152.224005486584 -4671.03212707618
3.02650014475 10851.500679440209 162.164614765169 10879.30088676477 160.5986685592613 -5276.261653952626
3.14268093425 10827.189335948557 167.52413280132117 10699.171419615528 169.57686160104137 -5844.216829114814
3.25484246325 10604.309456651361 174.19713466328975 10730.786935174154 172.28544161338792 -6370.068224215536
3.363331351 10579.509075688231 189.8162415927583 10790.246057268516 188.2073397816295 -8012.73244170399
3.4684513299999997 10653.481151865322 194.26247213035393 10660.858294357455 194.29009369079662 -8846.849441054554
3.5704687587499997 10467.046841735499 198.81409752317606 10836.304408722506 198.400135860627 -9858.035377650242
3.6696183435 10401.652111909585 211.66081507111656 10787.259131726809 207.86350169613158 -11542.187871468548
3.7661084042499997 10445.354506899082 212.11867169811046 10742.749942212622 210.70540763537377 -12001.572297362622
3.8601235684999997 10640.950083619888 224.02673117814638 10423.308685759825 215.7713858456093 -13903.990489800097
3.9518289295 10368.979311119834 227.66764717773646 10788.930246966573 224.03011944719714 -16497.676461360155
4.041372770000001 10892.630227595144 221.64378294156313 10485.04701531849 217.897749381236 -16723.780488769065
4.1288877925000005 10534.14107155542 234.54153310905815 10636.238911874156 230.69062717636513 -19872.265010749725
4.21449420125 10973.731337912372 232.95537400734315 10778.45698217289 230.1232937736635 -19884.207963839133
4.2983015005 11503.871080905063 239.51190178805115 11046.420828130123 237.85964057648897 -22220.558497767568
4.3804082025 11670.1777654805 245.30171829017843 11033.246920332294 244.35974562659555 -25684.4165622987
4.4609046945 11679.968385964354 253.475401587135 10602.465868277703 249.84246076905666 -27720.068932355505
4.5398741757500005 10918.997481486736 257.6144332974384 10863.317381069011 258.0809443219793 -32058.617781216115
4.6173921592500005 10785.32891811045 258.67216898369634 10895.66261446248 257.77487912454063 -35511.150000659254
4.693528478999999 10897.953407401912 263.76961342415615 10696.720434226869 261.32402517260516 -38535.83089848976
4.76834789175 10829.30584270948 274.71287293176584 10811.342860643517 273.43270554951556 -43982.743858211026
4.8419097905 10710.217491154963 261.17796328487344 10907.737167476289 261.20509153323565 -44345.1068637723
4.9142692365 10454.6021586396 265.74210392741406 11022.865064345126 265.63379279770396 -48607.245263029356
4.985477671750001 10962.167121585999 270.9950075015984 10483.3888862412 267.083450942463 -54045.194919418966
5.0555827615 11204.517989340795 309.14499280155866 10209.95086794866 304.92035934693627 -79689.08116400358
5.12462895925 11051.830915608143 281.03140614779386 10360.907363748162 274.71494906038174 -65872.15816858698
5.1926578775 10497.418308817349 285.5070204525133 10867.78178245392 283.97920292094733 -74905.53097013282
5.259708460000001 10536.353409420257 279.56574873178374 10934.541798584876 280.1967192224284 -70481.36867910755
5.32219235225 10676.254959739905 336.1620061105682 10779.01661279028 333.81005476442823 -99577.73608306015
