# Limb-darkening (quadratic LD law) coefficients fitted to NIRSpec/PRISM data
# First column  : Wavelength (um)
# Second column : u1 coefficient
# Third column  : Error on u1 coeffcient
# Fourth column : u2 coefficient
# Fifth column  : Error on u2 coefficient
# Sixth column  : Covariance between u1 and u2
0.526 0.5466 0.0824 0.1963 0.0895 -0.006479
0.544 0.5042 0.0580 0.2079 0.0783 -0.003873
0.564 0.4953 0.0459 0.1978 0.0709 -0.002844
0.587 0.4375 0.0399 0.2912 0.0670 -0.002392
0.613 0.4372 0.0369 0.2382 0.0651 -0.002186
0.642 0.4087 0.0359 0.2284 0.0650 -0.002167
0.675 0.3643 0.0335 0.2629 0.0609 -0.001909
0.713 0.3976 0.0324 0.1550 0.0582 -0.001783
0.757 0.3283 0.0412 0.2600 0.0703 -0.002627
0.808 0.3003 0.0403 0.2585 0.0696 -0.002586
0.869 0.2945 0.0393 0.2113 0.0669 -0.002419
0.939 0.2988 0.0360 0.1949 0.0624 -0.002085
1.022 0.2253 0.0368 0.2469 0.0638 -0.002207
1.115 0.2641 0.0340 0.1816 0.0581 -0.001834
1.220 0.2141 0.0328 0.1982 0.0563 -0.001732
1.333 0.2165 0.0306 0.1652 0.0514 -0.001455
1.451 0.1414 0.0340 0.2618 0.0594 -0.001903
1.571 0.1256 0.0305 0.2008 0.0514 -0.001423
1.691 0.0889 0.0301 0.2434 0.0520 -0.001405
1.808 0.0880 0.0258 0.1959 0.0444 -0.001026
1.923 0.0775 0.0253 0.2232 0.0440 -0.001054
2.034 0.0942 0.0265 0.2189 0.0452 -0.001130
2.141 0.0862 0.0247 0.1932 0.0421 -0.000963
2.245 0.0898 0.0253 0.1800 0.0430 -0.001000
2.345 0.1239 0.0274 0.1754 0.0459 -0.001162
2.443 0.1077 0.0282 0.1876 0.0476 -0.001233
2.537 0.1083 0.0259 0.1581 0.0432 -0.000998
2.628 0.1027 0.0263 0.1646 0.0439 -0.001025
2.716 0.0911 0.0272 0.1845 0.0466 -0.001131
2.802 0.0737 0.0239 0.1639 0.0421 -0.000833
2.886 0.0785 0.0225 0.1326 0.0374 -0.000654
2.967 0.0983 0.0258 0.1406 0.0425 -0.000892
3.047 0.0742 0.0256 0.1754 0.0453 -0.000932
3.124 0.0900 0.0256 0.1427 0.0422 -0.000826
3.200 0.0820 0.0244 0.1386 0.0416 -0.000766
3.274 0.0955 0.0253 0.1238 0.0400 -0.000713
3.346 0.1064 0.0290 0.1591 0.0484 -0.001089
3.417 0.0754 0.0216 0.0972 0.0333 -0.000414
3.503 0.0773 0.0187 0.1131 0.0315 -0.000349
3.604 0.0993 0.0226 0.1359 0.0362 -0.000542
3.702 0.0765 0.0195 0.1134 0.0321 -0.000318
3.798 0.0964 0.0219 0.1136 0.0335 -0.000392
3.891 0.0917 0.0229 0.1350 0.0377 -0.000467
3.982 0.0671 0.0185 0.0832 0.0278 -0.000124
4.071 0.0901 0.0227 0.1141 0.0347 -0.000336
4.158 0.0887 0.0221 0.0983 0.0316 -0.000276
4.243 0.0997 0.0237 0.1067 0.0336 -0.000338
4.326 0.0755 0.0206 0.0870 0.0299 -0.000146
4.408 0.1076 0.0263 0.1280 0.0391 -0.000438
4.488 0.1244 0.0287 0.1325 0.0402 -0.000501
4.566 0.0964 0.0255 0.0960 0.0331 -0.000169
4.643 0.0874 0.0245 0.0980 0.0337 -0.000130
4.719 0.0988 0.0269 0.1061 0.0366 -0.000186
4.793 0.0887 0.0251 0.0960 0.0342 -0.000093
4.878 0.1012 0.0242 0.1066 0.0319 -0.000129
4.974 0.0913 0.0233 0.0982 0.0305 -0.000094
5.067 0.0663 0.0198 0.0744 0.0263 0.000051
5.159 0.1095 0.0270 0.1127 0.0335 -0.000125
5.249 0.0788 0.0223 0.0870 0.0292 0.000019
