# Limb-darkening (quadratic LD law) coefficients fitted to NIRSpec/PRISM data
# First column  : Wavelength (um)
# Second column : u1 coefficient
# Third column  : Error on u1 coeffcient
# Fourth column : u2 coefficient
# Fifth column  : Error on u2 coefficient
# Sixth column  : Covariance between u1 and u2
0.540 0.5141 0.0425 0.2080 0.0518 -0.001896
0.594 0.4542 0.0250 0.2445 0.0422 -0.000945
0.658 0.3865 0.0247 0.2456 0.0447 -0.001030
0.735 0.3630 0.0265 0.2074 0.0460 -0.001125
0.823 0.2915 0.0327 0.2474 0.0563 -0.001698
0.921 0.3042 0.0300 0.1957 0.0513 -0.001421
1.045 0.2374 0.0294 0.2203 0.0503 -0.001383
1.194 0.2316 0.0269 0.1976 0.0462 -0.001162
1.362 0.1949 0.0262 0.1996 0.0448 -0.001096
1.541 0.1275 0.0258 0.2189 0.0442 -0.001048
1.720 0.0843 0.0234 0.2314 0.0407 -0.000844
1.922 0.0898 0.0182 0.2126 0.0313 -0.000538
2.141 0.0876 0.0178 0.1947 0.0303 -0.000503
2.345 0.1105 0.0189 0.1787 0.0318 -0.000555
2.559 0.1060 0.0170 0.1686 0.0285 -0.000435
2.801 0.0811 0.0143 0.1604 0.0246 -0.000296
3.046 0.0876 0.0149 0.1529 0.0252 -0.000298
3.291 0.0935 0.0138 0.1362 0.0229 -0.000233
3.553 0.0853 0.0124 0.1213 0.0203 -0.000154
3.828 0.0855 0.0122 0.1153 0.0195 -0.000116
4.114 0.0844 0.0118 0.0981 0.0173 -0.000077
4.420 0.1045 0.0128 0.1153 0.0182 -0.000087
4.743 0.0941 0.0126 0.1001 0.0168 -0.000031
5.078 0.0897 0.0123 0.0968 0.0159 -0.000015
