0.5213245850 0.5987205639 0.1470290178
0.5300362328 0.5711162793 0.1732717791
0.5391913087 0.5587005689 0.1782804147
0.5488277955 0.5482815283 0.1829250035
0.5589892293 0.5320421483 0.1884918052
0.5697193290 0.5214082528 0.1910259700
0.5810618753 0.5089882568 0.1959974527
0.5930820520 0.4951465063 0.1996826308
0.6058384675 0.4836619208 0.1990443026
0.6194014795 0.4728483030 0.1959359936
0.6338558230 0.4608205177 0.1987498103
0.6492772452 0.4204663613 0.2123229141
0.6657754235 0.4150692941 0.2090743927
0.6834568118 0.4261915618 0.1967214655
0.7024397848 0.4154880650 0.1959338308
0.7228669570 0.4032932250 0.1923667824
0.7448857915 0.3864987940 0.1940336999
0.7686609477 0.3744128922 0.1955727257
0.7943705867 0.3651912107 0.1946931533
0.8222003985 0.3532766800 0.1929185949
0.8523412560 0.3343555785 0.1942615288
0.8849849478 0.3208354602 0.1915978863
0.9203074072 0.3109380545 0.1896614253
0.9584589475 0.3035245326 0.1879136193
0.9995451655 0.2870673942 0.1917844103
1.0436039855 0.2793231604 0.1896376242
1.0905950648 0.2598965630 0.1943699141
1.1403869393 0.2523515099 0.1968549133
1.1927537585 0.2383878293 0.2021345419
1.2473873127 0.2243803582 0.2117872037
1.3039153432 0.2054438758 0.2223443272
1.3619293778 0.1896665035 0.2295848532
1.4210144355 0.1706578777 0.2366094771
1.4807758845 0.1498513001 0.2415158076
1.5408566535 0.1283072819 0.2446184674
1.6009489473 0.1158771771 0.2368847797
1.6607982685 0.1039889013 0.2339270108
1.7202018600 0.1045249815 0.2275509556
1.7790033558 0.1091482285 0.2231829456
1.8370874220 0.1011220398 0.2206278223
1.8943722845 0.1007066944 0.2156494130
1.9508030833 0.0998854262 0.2108282231
2.0063464585 0.1096136812 0.2037373687
2.0609850945 0.1084961737 0.2001770566
2.1147149540 0.1075456937 0.1967209881
2.1675412238 0.0952972697 0.1986061399
2.2194755405 0.1069936975 0.1901474072
2.2705349515 0.1082461411 0.1874148792
2.3207397185 0.1153888597 0.1887215437
2.3701121737 0.1168778296 0.1875126045
2.4186767330 0.1143150399 0.1866989540
2.4664573870 0.1128345613 0.1841204840
2.5134793008 0.1112413622 0.1798057519
2.5597675988 0.1088898971 0.1758896403
2.6053459667 0.1000565212 0.1755230652
2.6502388565 0.1027233350 0.1698866642
2.6944692265 0.1052022861 0.1669611219
2.7380592755 0.1053867127 0.1624396304
2.7810315693 0.1058395665 0.1591773108
2.8234063273 0.1072298346 0.1556880171
2.8652034272 0.1006754645 0.1558366843
2.9064426877 0.1062993004 0.1501480961
2.9471418747 0.1087287297 0.1453444274
2.9873185642 0.1055694801 0.1464505576
3.0269897085 0.0988721938 0.1468894165
3.0661712890 0.1051825856 0.1407499298
3.1048786352 0.1075669579 0.1360002182
3.1431264788 0.1063584749 0.1357853530
3.1809287778 0.1069023902 0.1334809730
3.2182988700 0.1066962627 0.1317106550
3.2552496945 0.1052106358 0.1311691030
3.2917932878 0.0981740926 0.1311624683
3.3279412932 0.1054678583 0.1259567013
3.3637049808 0.1070033905 0.1230691764
3.3990950385 0.1047644348 0.1231195109
3.4341218697 0.1058133159 0.1216016069
3.4687952855 0.1059552354 0.1201717856
3.5031247458 0.1046416120 0.1200840626
3.5371191090 0.1043294246 0.1183629404
3.5707867112 0.1045224291 0.1160732035
3.6041363610 0.1039494300 0.1156299734
3.6371761635 0.1045377169 0.1131645050
3.6699133287 0.1034384483 0.1114855916
3.7023555088 0.1027822632 0.1090006294
3.7345098787 0.0952840385 0.1125675253
3.7663828685 0.0991805141 0.1092513216
3.7979813940 0.1022141580 0.1072060683
3.8293120295 0.1027254889 0.1061514056
3.8603801168 0.1021434504 0.1055188602
3.8911916558 0.1018984172 0.1039974644
3.9217527705 0.1016659549 0.1036144954
3.9520688045 0.1016421717 0.1020566259
3.9821449635 0.1014508233 0.0999971272
4.0119863197 0.1000824304 0.0997132757
4.0415978153 0.0929844695 0.1017955609
4.0709842655 0.0981143771 0.0984862213
4.1001503248 0.1015422160 0.0960990651
4.1290999400 0.1010586952 0.0960088730
4.1578374078 0.0986302138 0.0963762856
4.1863675800 0.0988381325 0.0945318914
4.2146942695 0.0998074568 0.0923445611
4.2428208908 0.0998481158 0.0927045508
4.2707517825 0.0993213288 0.0924663916
4.2984902747 0.1000288471 0.0917760281
4.3260399927 0.0976885552 0.0936268160
4.3534044155 0.0962213875 0.0910727290
4.3805868583 0.0966636585 0.0920266221
4.4075906452 0.0980318695 0.0881477116
4.4344185673 0.0989079296 0.0881732960
4.4610743133 0.0985250041 0.0869137381
4.4875604405 0.0979650509 0.0864683378
4.5138796155 0.0991820008 0.0849501562
4.5400350805 0.0977014178 0.0846861988
4.5660296408 0.0972268515 0.0858480419
4.5918656295 0.0979258084 0.0826451502
4.6175456035 0.0953261559 0.0853140226
4.6430721332 0.0914224965 0.0867898919
4.6684476590 0.0907290677 0.0871316628
4.6936746845 0.0926264963 0.0866284704
4.7187555045 0.0951303035 0.0843604062
4.7436923687 0.0938504119 0.0846290257
4.7684874850 0.0933787207 0.0838577230
4.7931430080 0.0944933361 0.0821872830
4.8176609092 0.0927421583 0.0827540739
4.8420432468 0.0922898075 0.0827293514
4.8662921280 0.0925890247 0.0816189197
4.8904093537 0.0920314621 0.0816765913
4.9143969150 0.0920054832 0.0815306235
4.9382567978 0.0915068455 0.0814014614
4.9619906487 0.0908443630 0.0806014148
4.9856001225 0.0916312448 0.0795250100
5.0090871455 0.0909173005 0.0802239525
5.0324533590 0.0907554802 0.0795018308
5.0557002535 0.0904282717 0.0787493923
5.0788296560 0.0904859223 0.0790609092
5.1018431115 0.0898743227 0.0790021730
5.1247419778 0.0868991111 0.0799043910
5.1475278255 0.0884363097 0.0786154002
5.1702022005 0.0891726328 0.0779774320
5.1927665150 0.0881664443 0.0779233049
5.2152221920 0.0878504065 0.0775387381
5.2375705920 0.0871227374 0.0780303168
5.2598130927 0.0863878024 0.0777867805
5.2819509608 0.0865968596 0.0764998786
5.3039853990 0.0868691913 0.0762705050
5.3259178117 0.0857049954 0.0764449838
5.3441247650 0.0863009798 0.0752813479
