# Binned (from 5-pixel column-level) transit depths for total depth = (mornings + evenings).
# These depths are at a resolution of 100. 
# 
#
# Original fits preformed with catwoman (https://catwoman.readthedocs.io/) to the Data Synthesis NIRSpec/PRISM dataset.
#
# Author: Nestor Espinoza (nespinoza@stsci.edu)
#
# Column 0:  Wavelength (um)
# Column 1:  Total transit depths (ppm)
# Column 2:  Error on total transit depths (ppm)
#
0.525680 21175.68 285.90
0.544010 21520.52 189.32
0.564354 21483.18 147.81
0.587072 21479.57 127.67
0.612620 21347.71 115.26
0.641567 21217.12 105.06
0.674616 21090.23 93.35
0.712653 21257.04 85.77
0.756773 20929.99 114.11
0.808285 20971.87 105.91
0.868663 20866.92 98.57
0.939383 21098.43 91.01
1.021575 20964.18 85.52
1.115491 21246.13 82.27
1.220071 21189.74 75.31
1.332922 21568.47 73.02
1.450895 21475.92 77.94
1.570903 21116.93 72.58
1.690500 20921.18 75.19
1.808045 21485.22 65.82
1.922588 21563.24 53.76
2.033666 21107.44 54.63
2.141128 21106.08 54.91
2.245005 20972.60 56.30
2.345426 21201.45 60.57
2.442567 21380.12 64.57
2.536623 21715.06 64.33
2.627792 21874.15 67.48
2.716264 21961.56 71.07
2.802219 22125.31 75.90
2.885823 22079.92 74.08
2.967230 21799.98 77.93
3.046580 21710.34 85.03
3.124003 21531.49 85.05
3.199614 21482.06 84.47
3.273521 21288.90 88.10
3.345823 21278.86 95.11
3.416608 21433.72 88.16
3.503013 21432.78 78.52
3.604033 21238.83 85.10
3.702260 21179.74 87.71
3.797892 21100.90 92.53
3.891108 20964.80 101.01
3.982067 21338.55 99.43
4.070911 21217.75 106.90
4.157768 21368.24 106.60
4.242756 22061.79 114.91
4.325978 22705.11 119.38
4.407532 22500.38 133.65
4.487505 21832.14 140.24
4.565977 21689.15 139.37
4.643022 21559.10 141.72
4.718708 21395.99 151.80
4.793097 21658.21 151.02
4.878285 21383.12 142.50
4.973734 21332.85 142.98
5.067207 21458.24 144.90
5.158810 21192.40 163.84
5.248639 21518.68 161.98
