# Binned (from 5-pixel column-level) transit depths for mornings and evenings.
# These depths are at a resolution of 30. 
# 
#
# Original fits preformed with catwoman (https://catwoman.readthedocs.io/) to the Data Synthesis NIRSpec/PRISM dataset.
#
# Author: Nestor Espinoza (nespinoza@stsci.edu)
#
# Column 0:  Wavelength (um)
# Column 1:  Evening depths (ppm)
# Column 2:  Error on evening depths (ppm)
# Column 3:  Morning depths (ppm)
# Column 4:  Error on morning depths (ppm)
# Column 5:  Covariance between Morning and Evening depths
#
0.530184 10884.29 609.51 10411.59 747.72 -442429.49
0.559179 10950.81 343.57 10540.06 445.06 -149923.50
0.593327 11200.33 260.41 10249.01 348.19 -89338.31
0.634178 10792.20 218.60 10454.61 295.87 -63795.90
0.683891 10786.82 186.02 10369.97 252.27 -46307.91
0.745471 10791.56 216.91 10236.61 288.74 -61559.67
0.808285 10713.65 267.69 10258.18 355.27 -93344.83
0.868663 10573.60 247.36 10293.42 327.00 -79207.39
0.939383 10910.94 228.04 10187.51 302.97 -67761.70
1.021575 10466.46 211.26 10497.85 281.16 -58220.91
1.115491 10727.76 205.75 10518.57 272.40 -54865.05
1.220071 10672.19 182.45 10517.49 243.14 -43376.13
1.332922 10789.21 179.26 10779.32 236.34 -41339.57
1.450895 11034.13 189.86 10441.82 254.08 -47269.48
1.570903 10273.75 181.93 10843.11 238.22 -42252.33
1.690500 10576.08 189.16 10345.09 245.06 -45094.61
1.836821 10687.82 124.21 10859.77 163.07 -19692.94
2.006045 10753.71 105.36 10469.35 140.13 -14415.13
2.167244 10565.11 108.75 10478.02 142.93 -15122.34
2.320462 10732.25 118.54 10411.36 155.89 -17994.65
2.466204 10975.58 127.33 10479.72 166.48 -20607.33
2.605117 11043.39 134.46 10814.22 174.23 -22702.84
2.759242 11201.35 127.50 10842.09 164.88 -20356.87
2.926527 10845.28 133.52 11094.55 169.51 -21822.88
3.085292 11034.40 151.78 10586.63 192.48 -28245.60
3.236568 10659.74 156.03 10725.79 195.71 -29457.76
3.398732 10604.79 148.20 10769.71 185.69 -26498.19
3.570469 10840.49 164.14 10472.85 205.55 -32494.59
3.734229 10646.47 174.83 10503.88 217.20 -36455.41
3.906142 10684.37 182.40 10378.10 224.84 -39441.80
4.085276 10949.10 191.79 10352.57 235.31 -43260.14
4.270367 11386.22 187.38 10881.35 229.85 -41067.29
4.460735 11896.30 227.44 10220.12 279.67 -61011.70
4.655385 11141.16 226.74 10373.12 274.40 -59334.96
4.853836 11057.89 249.11 10452.70 301.38 -71687.25
5.055308 10995.93 246.38 10416.52 292.77 -68311.78
