0.5396738302 -810.2625770482 594.2713615380 602.7461366826 10406.4344723156 292.4072876078 11218.6740401165 321.1966024820 -88844.4847095977
0.5938206406 -672.5984787756 200.4447421508 198.8987333358 10399.2456076935 96.9454427860 11070.9716466489 105.9983879333 -9691.0944395602
0.6580913259 -511.4770010883 154.4721599118 157.2005184837 10342.1869840712 76.2083566692 10854.9946046061 82.9767756609 -5950.4215132721
0.7347133702 -402.4751196184 179.7938092674 179.0274897400 10344.0516549007 88.4733615614 10746.8715529063 95.7226191972 -7955.5229929335
0.8229707471 -319.4578150071 223.3554119817 225.6546446221 10325.8290373777 109.9869246807 10646.0760507897 119.0014632581 -12262.1169347753
0.9212504342 -162.6393834803 208.3259270177 207.0014009085 10432.4542582833 102.0954759341 10594.5505109144 110.2030002137 -10512.1380843786
1.0445814052 -238.1595273324 185.0206333120 181.8770202248 10452.2306216212 90.6183652881 10688.6665991649 97.6358509862 -8259.2496983447
1.1935093368 -586.0556104542 165.9812746119 163.9707223279 10321.0711339526 81.0719548483 10906.6007791929 87.3926275773 -6605.9927731968
1.3622863855 -478.4498294671 161.8374073666 163.1819345255 10468.7493421188 80.2545562075 10947.5455217916 86.1505412180 -6422.0220415858
1.5408604951 -392.0442048337 170.3274895397 167.4625858686 10398.3078415393 83.1496937609 10790.0027167661 89.3870092836 -6907.8393619445
1.7200011614 -154.2860515764 191.2054759039 191.2462403193 10522.4175510807 94.5519891539 10676.5073932437 101.4916149452 -8876.5317028919
1.9221523121 -289.2886016178 98.6953778796 99.2864606807 10548.1397389580 48.9849129492 10837.5857056108 52.5078350743 -2376.1823413468
2.1406792032 -328.3458748536 107.1952247589 107.5631978353 10384.9485114715 53.3729277802 10713.2897975814 57.1329279354 -2817.7649348113
2.3450158942 -400.3400418581 119.0027726364 121.8029219959 10427.1099163042 59.4366018752 10828.0234522487 63.8663576078 -3505.5305153505
2.5590578220 -324.6133976358 124.6757786507 124.5012919805 10713.5329037208 61.3088909435 11037.6918818846 65.6622206604 -3716.0870494454
2.8014354189 -314.3914199087 134.7919081382 134.4004702617 10856.7477311869 66.9450362843 11170.7358478611 71.3189989025 -4405.4010866260
3.0459377584 -380.6705370915 156.9557786967 158.6513317542 10683.9957288994 78.2249871047 11064.7912466480 83.3092781260 -6011.6661249587
3.2910017061 -302.4144232521 161.8691527040 164.3383757693 10522.0600808086 80.7136536818 10825.2558919757 86.3136495970 -6415.4098027655
3.5531466968 -268.2586172622 175.9434496521 177.4816870136 10528.2339527243 87.8858227124 10797.0919661509 93.4467001357 -7574.9368100049
3.8284372252 -310.3533024486 197.1912824949 196.3432928259 10378.9438424561 98.1750321249 10688.0570631515 104.6089192166 -9452.6192326837
4.1137683777 -377.8881553394 214.8297863158 218.1574487992 10575.1631571630 107.7582724216 10954.2547061301 114.8374592604 -11372.7535940067
4.4199884689 -19.5815423745 246.8858964220 247.1720686944 11147.4790291459 122.3015712757 11167.2246660985 130.1884945320 -14629.1738342534
4.7426992088 -492.0415218380 278.9664281069 285.1032496910 10571.7123672464 140.4189836531 11065.7020518776 149.4282697070 -19263.8947964241
5.0777459542 -158.3633979984 318.2870796744 324.6157002025 10665.2595117952 160.0053828187 10824.0391397652 169.8938153032 -24962.8292385504
