0.5256804089 79.9025947250 1301.9832671556 1296.0584594224 10744.5470656043 631.8301979772 10666.1111711722 693.5196866902 -414904.7088629865
0.5440095521 -1053.2037049570 659.9529740471 664.4129535274 10165.5633776854 323.3297410478 11221.3286036853 355.3349661364 -108470.8511727563
0.5643542791 -128.5018877674 443.4180096646 444.2676309361 10632.5935778009 216.4204137648 10760.9569269972 235.8419418239 -48170.4415062532
0.5870719636 71.3690103756 319.4229902990 325.1465376228 10730.7282016119 157.0466330880 10660.1628924512 171.5689444991 -25361.6534047018
0.6126199735 -128.4146817520 272.3626703282 273.1325224420 10582.9390984368 132.8675798745 10711.8834466157 145.2875551159 -18232.8963620445
0.6415665341 -204.1681843041 240.6042033338 231.6343582352 10478.1876941398 115.2592444719 10679.8486405435 125.1738841542 -13576.3769804392
0.6746161176 -73.3603777101 207.2214343715 205.6657404483 10508.0590115656 101.2982176078 10581.0570479763 109.6584552522 -10457.2916050722
0.7126533709 155.4153852132 191.2207854765 188.1300856945 10603.4752144787 92.5200535920 10446.8526891752 100.4743600667 -8711.0509076165
0.7567733696 176.1181314698 299.2161674567 297.1087395712 10561.1163915749 147.3233963136 10384.4473576121 159.1858438541 -22002.0459270891
0.8082854926 -186.4033613834 281.0123441819 278.3507176518 10345.5677226183 137.5280853325 10531.8491489612 148.5912859407 -19137.1539888459
0.8686631019 -253.8258151026 264.2164900633 263.2827077843 10306.3316843482 129.3961743842 10559.3601355436 139.2972990518 -16870.9309236699
0.9393831774 -82.0623816677 240.9089909328 247.0252381758 10405.6422208333 120.1735621950 10489.4511948535 129.2047067347 -14533.4764640678
1.0215745755 123.9420025577 224.6175794084 227.3008886700 10565.8710141675 112.5213267646 10441.8512884954 120.8671940456 -12714.1446270421
1.1154910020 -206.8666366911 221.7038199921 222.0054196626 10457.6462750961 109.1117650811 10663.9105402344 117.3211253453 -11928.9309332201
1.2200705356 -126.3108159881 192.5000319955 194.0027835084 10532.7642339220 95.0439076013 10659.9137852864 102.3374267711 -9015.5806219143
1.3329223605 -43.2232349325 206.5488810575 206.3589528053 10655.2142043323 101.6930547132 10697.5442104278 109.3252626190 -10336.2427357016
1.4508951600 -218.2046630901 189.9587296164 192.3911854554 10576.2277719693 94.2938042122 10794.6439994761 101.7201624379 -8895.5429746130
1.5709028004 -35.0030147883 211.6144773661 210.2407493127 10516.0019946434 104.5860761367 10549.8938345023 111.4551176725 -10816.4863637231
1.6905000643 -426.7597155661 225.6054978621 226.5760512798 10327.7340771231 111.0603873058 10755.1893869075 119.2709510256 -12253.3074487728
1.8080453889 131.9266868650 193.1245265503 196.3741030813 10708.0748939278 97.0715628068 10577.7434542363 103.8020775066 -9260.6168872328
1.9225876839 126.2193126929 135.2686696149 134.7860209392 10745.8316749326 67.2650696151 10619.7317285109 72.0025503881 -4477.3618336979
2.0336657765 115.6113859258 146.1581003108 145.0176935668 10641.1308905881 72.3465950522 10525.3828643291 77.1510851264 -5149.6512179434
2.1411280889 64.7054291906 150.0479654327 149.1609146127 10567.1232170426 74.5259776299 10502.3931380993 79.2202839817 -5451.7411073357
2.2450052460 -134.0813489243 165.7546329883 164.7316138117 10454.1550705923 81.7244826341 10588.0190450819 87.7382863270 -6628.3841236200
2.3454259461 79.4618302236 171.5600929920 173.1069124885 10606.8910841308 85.7193084598 10527.9598676165 91.3210520741 -7233.0951612669
2.4425670600 -14.8997461063 179.3128605462 179.8015062486 10697.8899918560 88.6097035476 10712.5788737125 94.9993064934 -7768.1935871761
2.5366234498 -271.4572343517 201.2560119854 194.9654741334 10725.1907838142 97.9657182833 10995.0031603691 104.5181767093 -9449.2407568811
2.6277924116 286.0873878930 204.8183546803 205.0988009994 11081.7551462530 101.0772410954 10795.2431362649 107.6450408144 -9999.2484021254
2.7162642510 101.4366104956 218.3612258663 211.8349001746 11032.0996163770 107.1466037021 10928.2605223048 113.5523051512 -11220.8895922875
2.8022189483 -58.8930945272 229.9198397077 234.8581595704 10980.8599581308 115.5844133206 11040.5234730156 123.3351425141 -13161.5392607030
2.8858230575 20.8619240693 247.5849548936 247.3329426060 10994.1429022719 122.0635872903 10973.3130160380 130.8766610715 -14749.6914652772
2.9672302195 -209.4291067955 273.3258857500 267.2646361900 10789.1244452596 134.2089511209 10996.8731336364 143.3170925188 -17756.5269112430
3.0465804988 331.8248380756 264.9105075876 268.7632732720 11027.5833927257 132.7257741580 10697.9736490851 142.0504425755 -17370.4773189565
3.1240025570 -146.7802526358 282.9960188561 285.4791335501 10691.7164720447 141.0406749595 10839.8608278349 150.5325188766 -19596.6002985971
3.1996138239 -105.2715067519 288.1207617714 287.4839015470 10635.2705885080 142.8640731206 10739.9255156281 153.1113479160 -20136.4213390325
3.2735214911 -594.1924172717 305.8706811138 311.0161803683 10457.1256027973 151.3958681403 11052.5008375121 161.9672599982 -22606.0508214703
3.3458231370 422.9313853799 303.6061798350 307.8606292167 10857.6811455699 152.3677785659 10436.2217278101 162.7884467627 -22798.0033263460
3.4166084541 -583.1299395864 320.5102397192 317.5304637772 10386.0173613108 158.1263346868 10968.3678205545 169.0156091105 -24595.0218827467
3.5030130468 -230.2606832362 286.2859616142 287.2736373779 10544.4159514984 141.9618092365 10775.1411906322 151.5891514020 -19873.5106646473
3.6040330786 -52.0472942136 291.1589120806 295.6205631050 10602.0795498625 145.7848747468 10656.1340700299 155.1467455297 -20816.4716881406
3.7022595721 -295.1642313286 314.0035809407 329.3536157166 10454.5664827325 160.1154740755 10754.3808514876 170.5102441051 -25090.3244325276
3.7978920973 97.6418445829 326.2174007726 326.6126342989 10567.1322737253 162.2034821928 10468.6951784850 172.3791019942 -25659.9972054042
3.8911081810 366.3843808714 343.7334407020 348.3235949656 10676.0494133837 173.0147042274 10309.7956562715 183.7766105937 -29268.6260994631
3.9820666959 170.2780305706 383.0736532571 390.4291244450 10697.2158664083 192.7619159447 10529.5652053766 204.9552713112 -36351.5614232283
4.0709108018 152.4428504182 387.9894441219 390.8394050794 10727.2223806665 192.5210848769 10575.0322198873 205.3047955305 -36374.7043117348
4.1577683093 128.5527452387 405.5608535425 402.7824114685 10868.4029462337 201.0795813078 10739.9177317234 213.7773801293 -39485.7665458655
4.2427556476 -555.5979718110 429.6811407217 429.4154211926 10711.8005630048 211.9258281444 11266.9414374364 228.1177301309 -44469.2743001522
4.3259782277 625.9442859361 450.8598198802 457.0588649850 11515.7904714749 226.4081194922 10890.1175938110 241.1043511385 -50158.0428303889
4.4075320236 309.6801018342 484.0542807040 482.6802431386 11419.0011571470 240.3421762878 11106.2690943302 256.1868213312 -56419.7691922266
4.4875047898 310.3635764695 518.0718536036 514.7681196832 11202.8243480643 255.6181243744 10891.4504892100 272.3109379086 -64108.9371127743
4.5659767836 -339.9636688196 545.0877512549 548.1578946783 10751.4037168344 272.0092617446 11093.8454816431 290.1696663309 -72475.4754374565
4.6430217986 224.2755513591 560.8920209070 576.3875021204 10866.7597234947 284.5290542463 10647.3904938876 301.7982549548 -79019.9585396309
4.7187075192 882.3998109421 594.0056792958 588.4750383156 11088.9315297647 292.9501399380 10205.7593032473 312.1727577490 -84218.5856968255
4.7930971341 -826.8497251533 614.0562183175 599.3591693165 10490.3665778619 299.9073391239 11311.1737720612 320.8005788365 -88442.0162836459
4.8782854109 -690.5568810659 540.1848827604 551.5517895094 10304.2696950871 272.8525531530 10997.8601039854 290.9525382299 -72881.3580158804
4.9737336786 171.4624314189 553.9068998536 566.6969803582 10812.7526796351 280.9003939540 10644.1918636401 298.2343873258 -76761.0115295291
5.0672065950 -950.2165728987 608.5014500726 607.4758578616 10154.6755240475 303.0241378494 11104.9093143400 321.9086277426 -89310.4116038154
5.1588096297 -630.7406268897 670.7702625859 672.7539427047 10415.7256898683 336.4022305667 11048.0081374622 356.8096784619 -110660.6835781553
5.2486392094 -535.6525011823 687.1261619737 665.0603955253 10532.5542172340 335.7535450571 11062.7562207153 359.3639568606 -111085.5026007781
