0.5396738302 -445.6297415728 593.7706907301 600.2926817877 10474.3066735455 290.2303521794 10921.8356937338 317.9221000034 -87271.8615309807
0.5938206406 -18.4284931950 203.7377760470 205.6798410419 10667.6904877674 99.3802924679 10686.9706849329 108.4533281083 -10163.4260871446
0.6580913259 -137.1803850236 154.5842775787 155.0768331840 10493.0851731882 76.4647464725 10630.5103336988 82.8754668350 -5958.5383333186
0.7347133702 166.9832643326 176.7327526863 178.8830995049 10582.3781786567 86.6466380731 10415.5934756055 93.9167485342 -7627.2624151866
0.8229707471 -44.2017063636 223.8734079858 227.2571812758 10413.1844715205 110.7854953650 10458.6963086003 119.6703859535 -12421.0462907083
0.9212504342 -303.2363592715 203.3837269805 202.6575601410 10291.9175025951 100.0743177246 10594.9784860661 107.4673129226 -10060.1626986647
1.0445814052 109.5891027585 188.6640305616 185.6822995843 10584.5441253919 92.0252771898 10474.6338569779 99.0455977799 -8504.6412408961
1.1935093368 -248.4109730014 163.1272420695 164.8007444409 10452.9994012718 80.8379190942 10702.4824916361 86.7796595623 -6523.3253645377
1.3622863855 -108.5104680612 163.2961713637 163.8732867872 10633.6521270599 80.6733831769 10741.9692233089 86.6228044329 -6483.2290893313
1.5408604951 -87.3811567006 166.4992109343 166.4391301918 10531.3792959127 82.3856505696 10619.3586749981 88.2942038761 -6743.7074508287
1.7200011614 -158.5704618242 185.3874973417 185.4886041919 10479.7962271850 92.2606546565 10637.9917618170 98.9287609479 -8409.3136117842
1.9221523121 124.6036467475 100.1477432166 97.6723906218 10727.9353016625 49.1422015478 10602.7038398665 52.6424048636 -2388.5991626847
2.1406792032 4.3588601406 108.9451126885 108.8732669172 10530.9661587688 53.8583780983 10526.7099725657 57.3997678992 -2860.1676579116
2.3450158942 -25.0416374827 121.7393917503 120.0286029820 10590.2126819909 60.0756911807 10614.9403152699 64.0541358039 -3551.9500142588
2.5590578220 -6.4887896597 123.1471417121 123.4555406319 10855.1030149791 61.2663370277 10861.5314504729 65.3918860018 -3688.5266492900
2.8014354189 22.5012952359 130.8623171253 134.3013650162 11002.3539445257 66.3841256732 10980.6721988336 70.6711647182 -4324.1302865843
3.0459377584 -8.0494295991 158.1126945640 158.8366090502 10836.2614048023 78.2042420797 10844.8799442244 83.3721860975 -6010.5413501529
3.2910017061 -148.0264988945 160.6044466260 162.4081513103 10618.5932102605 80.0926230254 10766.7503087366 85.6003720633 -6316.5748454728
3.5531466968 -353.3998861287 178.2517258882 176.7421910853 10475.7336225413 88.4681624674 10828.3714347996 93.7201687816 -7643.8525450215
3.8284372252 186.9116052593 193.4377050279 199.1101651102 10621.5035922789 97.8197894287 10435.8250078252 104.0861382432 -9358.9020705746
4.1137683777 26.7414947983 217.6202519147 216.6469577411 10757.4118450804 107.7485808787 10729.5007174635 114.9566894329 -11386.1622931613
4.4199884689 166.0471017187 245.5072982613 248.3293041009 11212.8768059990 122.2993111823 11047.4129130935 130.1856789807 -14635.4412377815
4.7426992088 -56.2275205498 290.9111184151 285.0187393389 10720.2199118860 143.3564925335 10775.3191346649 152.1488887738 -20063.2522198413
5.0777459542 -380.4430128078 318.1710256404 321.2579934369 10519.4615067475 158.5610746754 10901.4461241595 169.2965104214 -24570.9200828166
