0.5256804089 -928.7789682726 1292.9125327692 1276.4477240433 10102.8774435442 625.0687163148 11029.2203986007 687.3686800577 -407715.3348935449
0.5440095521 -221.5963711149 637.4311636156 655.4923546808 10671.1343660391 314.7192987111 10898.1236671736 345.5329347892 -102647.3880668110
0.5643542791 160.5796079514 442.2805976448 434.1872395210 10710.9023857967 213.2651651799 10547.8135910499 233.0027429144 -46847.5007218559
0.5870719636 63.3335584450 312.2714458528 312.4949149323 10720.5628073122 151.8961440102 10658.3621312510 165.2887528193 -23621.1830162786
0.6126199735 145.8072011803 269.2490370864 272.0905846176 10733.8087354921 132.3504280940 10588.9113066543 143.5524444331 -17899.1127957809
0.6415665341 -8.2688248180 241.1696801582 237.5946089380 10565.9894947365 116.8442010825 10572.9414366618 127.0798975634 -13984.6556045571
0.6746161176 -145.9525095604 204.5260307227 202.3171817967 10473.7796018916 99.9627017421 10619.3565682750 108.4291746435 -10208.4088039509
0.7126533709 -2.2893402367 187.1156157930 188.9951021892 10498.0198668075 92.2669152456 10500.9327523617 99.7996973510 -8630.3567564476
0.7567733696 -211.3452963876 293.6049734653 297.8922512728 10390.1534946577 145.2502569624 10602.9521394993 157.5807877881 -21500.1417994893
0.8082854926 -349.6589155756 281.1676778501 283.4030423956 10325.0306965980 139.2803600854 10675.6466310088 150.3874035840 -19639.4576521216
0.8686631019 -32.5062583945 272.6945654517 273.7922420864 10436.2869907677 134.3424916327 10469.8439414372 145.3049187179 -18256.8257708105
0.9393831774 365.6136082214 241.9054460222 247.1614360617 10662.6132574856 120.0128185719 10298.2670406645 129.7939476016 -14557.8883407463
1.0215745755 112.0140671128 220.4495333040 223.3417109209 10570.9837879769 109.9964197405 10460.0984922445 118.3121112718 -12164.3175931194
1.1154910020 -35.6950788658 217.8083296487 218.9256993571 10542.7288146102 107.3576776194 10578.8373706678 116.0005555361 -11620.4795762600
1.2200705356 -196.9175278377 194.4304283432 197.8470476293 10472.4010100357 96.6945525742 10669.7755898258 104.1019932302 -9352.1689350321
1.3329223605 -10.3061566648 201.4427929536 203.6486251035 10645.1882302660 99.9886331903 10655.8216508666 107.4485873454 -9978.1038949639
1.4508951600 2.1791898850 194.5265208357 199.2706486098 10690.1812853433 97.1002642359 10689.1132959336 104.4916364951 -9399.0464214195
1.5709028004 -191.1352973527 210.4283585434 209.2760757045 10485.4116632486 103.3106232859 10676.1454895431 110.8648191210 -10619.5679482722
1.6905000643 -523.0564078865 228.7233964025 227.4940155531 10260.8182761793 113.5198287851 10783.6905181097 121.3239829035 -12772.0079351675
1.8080453889 4.7790486579 192.0189208872 195.7338581353 10678.2498492355 95.6568195033 10674.9904976245 102.8763428460 -9074.8035467848
1.9225876839 87.8793500547 136.0223565968 136.9054485469 10734.1564953490 67.8286010033 10646.9088570352 72.3695428481 -4540.2578977615
2.0336657765 36.2288291092 145.1809104364 142.5456982547 10595.7777369545 71.4616036694 10558.5287239010 76.3782106406 -5059.2799556322
2.1411280889 -108.2514577781 154.7841672926 155.1676911179 10461.3880738690 76.3858971422 10569.5928914122 81.4242321659 -5750.2641943028
2.2450052460 278.2846947809 164.2032503209 166.3290208790 10647.9017088270 81.6474666437 10370.2648651459 87.1801924965 -6585.1910460677
2.3454259461 -275.8460243458 174.5840233522 174.2085434039 10465.3198994393 85.8094992236 10741.3624372438 92.0099095688 -7309.8547686099
2.4425670600 -126.0754187610 178.0760999220 179.9716698485 10633.0641651629 88.3799160927 10759.9938579532 94.8226318851 -7727.2925881248
2.5366234498 176.6530120421 197.0278138984 198.1726692675 10900.7357145981 97.7477220662 10724.6762320738 104.6308579444 -9454.3376968702
2.6277924116 446.9461362078 206.7726500378 213.8643935017 11157.9211413181 103.1040337960 10713.6922358513 110.3163585150 -10498.8827053350
2.7162642510 -111.9690919908 213.8193186999 219.6724697238 10901.8325683768 107.1329457772 11015.7002658385 114.3000321066 -11297.8598588799
2.8022189483 221.5931509590 236.6407526145 237.9621480851 11078.6248207267 117.4357932117 10857.4070418997 125.2653132696 -13532.8764073587
2.8858230575 -323.6824385102 246.5238288636 248.4772745749 10799.6899831639 122.8353547236 11124.1255665749 131.2242316934 -14848.6017415019
2.9672302195 -88.0768326866 264.7610148414 264.3484383982 10844.8103119557 131.3716962411 10933.4721794954 139.5951614232 -16949.3141797096
3.0465804988 -323.6717026207 269.9015121911 269.5409423908 10739.9911674957 134.3583305132 11062.7381502654 144.1845517577 -17850.5644121383
3.1240025570 -125.0483945863 281.0303171154 282.3681200884 10738.6103294013 140.8434829871 10865.4489619717 150.5323132174 -19518.4095531000
3.1996138239 174.3448857403 287.6688724195 282.7769915803 10787.3971036692 142.0927457904 10612.2211106032 151.0858692339 -19789.0534844934
3.2735214911 4.5222774196 306.5182239547 304.2713620161 10689.0600715591 151.3930486639 10683.2243247461 161.3767334034 -22553.4220823167
3.3458231370 452.6283501260 310.4863703819 308.6494351338 10883.4066132509 154.9360811516 10430.2093147092 164.5610071103 -23477.6502957113
3.4166084541 38.3690835172 319.3487681872 324.0751613201 10680.6298874873 159.6347021102 10643.9576090237 169.9132432296 -24968.2958462344
3.5030130468 303.0994797740 290.6411781898 280.6466594408 10731.0128920911 141.7303171333 10424.8265703452 150.8704536239 -19754.4643382322
3.6040330786 -91.8376530813 293.6436098412 295.5753927068 10595.5782322031 146.4928809193 10687.8673265615 156.4447748004 -21032.1602289777
3.7022595721 -117.4075588879 324.3483668374 323.0632277993 10457.6805107136 160.4149238378 10574.3313434686 172.1592124594 -25417.1534772837
3.7978920973 31.8133939222 327.6717033195 329.5338988783 10591.4797430399 163.8233039661 10559.8918030347 174.0599933037 -26244.0578656126
3.8911081810 -406.0941156060 357.4957725883 351.1913597502 10359.5339391784 175.9491194851 10765.2489397208 187.3087154908 -30378.0381246732
3.9820666959 -151.1813860187 372.7362574876 379.0216849269 10561.0564929651 187.3342843975 10714.1687928635 200.3110668994 -34469.3861551935
4.0709108018 -218.9879808598 386.7588856233 390.2902161987 10505.9767262926 193.3406471534 10725.3895900756 206.6084524256 -36674.1999639894
4.1577683093 426.4717171761 405.6346669076 410.9170121561 10937.2436911498 203.5337685941 10511.5824960080 215.1053651574 -40188.2477983475
4.2427556476 -67.9743233577 427.4132743338 426.8121748875 10980.0089426479 213.0874810125 11048.4208728767 226.5500802057 -44464.0980292844
4.3259782277 54.0580463088 446.8955230038 450.7190151928 11308.3131572803 223.8099557632 11257.0631874775 238.7154478719 -48934.9609404547
4.4075320236 -52.4592588909 486.0147252283 481.8023912373 11178.5709334581 240.5477045673 11229.1861374364 255.6567275774 -56454.4904439218
4.4875047898 -150.6626627979 507.8729361989 503.6045525944 10918.7155034203 251.8170035652 11067.0145286440 268.0921882210 -62027.4425641400
4.5659767836 -276.4216574188 522.5141346585 521.6004499165 10811.8033693836 260.4078464291 11089.3613229964 277.1695894552 -66009.8345861538
4.6430217986 6.5751899898 554.9796139292 563.6829962234 10836.5216683124 279.0919853409 10828.5614614928 297.8735240091 -76186.5071507720
4.7187075192 -280.5506764482 580.4767554395 574.3347930391 10592.1809914773 287.0381769278 10869.1811016292 305.5484820964 -80313.9305207724
4.7930971341 -67.9702552563 590.3628023401 581.7625033754 10763.5625539776 290.3284595705 10829.9639002957 308.8340565489 -82358.3144175152
4.8782854109 382.9910743972 553.6867382726 553.5933408469 10843.0155966198 275.2501033764 10458.7025052034 291.2946275358 -73599.9573778019
4.9737336786 -128.9173131875 588.2640870510 576.6256839906 10623.6607743097 288.4128063641 10750.2627729548 304.9765233746 -81002.5137136179
5.0672065950 732.0903303698 627.0004092073 624.0937079826 11059.3405810276 312.9018533072 10327.9351363403 330.9919417535 -95196.8436662684
5.1588096297 200.7177930002 647.7072587663 657.4638634636 10891.1383352938 327.6049096600 10695.1659015790 348.1784627118 -104800.1491834973
5.2486392094 -687.6632623307 689.7874442629 671.0072709253 10463.5807416707 335.6665565930 11145.4033378813 359.5327636912 -110837.2528876524
