0.5396738302 -408.8929000686 596.6060362903 583.0770457978 10467.3898503638 287.1836519552 10869.8037371185 315.8132031918 -85979.2958073836
0.5938206406 90.9552659645 200.0891097496 199.1171255996 10708.7740257385 97.8089119867 10618.6096739728 106.4321928414 -9796.5311976970
0.6580913259 -74.9680119929 155.5365393799 160.4739524127 10519.8453516477 77.2532223092 10596.1373184134 83.9588961001 -6111.5947760515
0.7347133702 -106.6007444734 176.3499000067 179.6349730392 10444.1112696902 86.8587329843 10551.9236152427 94.2825009139 -7692.2815565470
0.8229707471 -337.7926391438 224.5939006956 227.4463651866 10294.2207389087 111.0320375640 10632.7701669016 119.8340155203 -12446.2675382710
0.9212504342 326.1510102705 207.5994509367 211.6802890669 10654.8856974033 102.7955121645 10329.8180596806 110.9831348947 -10671.7175522317
1.0445814052 -5.1191588403 180.8334024391 185.9100580538 10535.4011945527 90.0741705545 10542.3189157212 96.9360973951 -8155.5731341930
1.1935093368 -76.3610444364 165.3663322411 160.9427091160 10521.9489302339 80.7037241424 10596.8494056502 86.5660445723 -6509.0304157403
1.3622863855 -62.5885527089 162.3415839522 162.8461136556 10645.5224043996 80.5223034853 10707.9848264183 86.5737748521 -6463.6433765413
1.5408604951 -72.2714804222 169.7894955727 168.2660333765 10568.2940633762 83.4427736407 10639.4589726374 89.3272580120 -6921.3796633479
1.7200011614 -329.5564537784 188.5743925481 187.6152401924 10407.5770876253 93.1179518668 10736.2810088019 99.8859033249 -8617.0994018141
1.9221523121 66.3937885831 99.2011470444 97.9043713030 10698.4419395669 48.8548413993 10631.5767438059 52.2188229157 -2354.3284511030
2.1406792032 -7.5263714113 110.7873015704 111.1243291295 10525.1215704289 55.0081728395 10532.3648229639 58.5368406154 -2983.0752717874
2.3450158942 -95.2785271093 123.4245818760 121.5332843023 10543.0089030975 60.3004435270 10637.4030244309 64.4975975662 -3596.6163135140
2.5590578220 221.2800280778 126.6177248887 124.5799814304 10956.3652238439 62.1319511524 10734.6660894957 66.4288366961 -3811.9935274521
2.8014354189 -72.7274398319 135.0701406671 134.7000136890 10926.6378864664 66.9014846862 10999.2775119816 71.4242502900 -4396.7782476624
3.0459377584 -178.7540251850 156.7815899245 156.1034568624 10774.5237699299 77.6774308008 10953.8651417324 83.3397694040 -5961.7301079895
3.2910017061 84.0481911917 163.8561681796 163.3327474492 10723.0027578564 80.9311777948 10639.1380801041 85.8019130106 -6399.3712596313
3.5531466968 180.0996794497 179.2848172750 177.4520486390 10692.9564507731 88.8336666129 10512.1147077062 94.7258624577 -7743.8927550462
3.8284372252 -143.7400939952 197.0457821421 197.9349520642 10497.2553435234 97.9275858825 10641.0193391200 104.5114426161 -9405.9265445218
4.1137683777 -34.5753858296 217.2290994164 222.6255978380 10682.6919059881 108.7491348936 10719.1408078991 115.7972385850 -11557.5467093446
4.4199884689 -98.2108004808 243.0949824428 239.6156260114 11101.0348624859 119.9843028177 11197.9296455508 128.0199551710 -14113.0128029917
4.7426992088 -31.9437468685 284.1217494557 278.8167642926 10745.2944976616 139.8367437257 10775.3871035402 148.5553552720 -19055.1038722335
5.0777459542 41.4332951731 322.6050992543 326.9764302918 10751.0987809903 160.9328556949 10710.6271386502 170.7080127854 -25260.8761170365
