0.5256804089 -113.5175059496 1307.8000171063 1305.2350931938 10671.4651163364 635.3919576121 10784.0401150246 698.3339698815 -419826.6310414939
0.5440095521 -1534.4833897442 672.2648597107 669.0943534027 10122.0700693791 324.5099973729 11656.3025807368 357.0095785199 -109560.0721329404
0.5643542791 -1193.7855609616 435.2224083999 441.2592751663 10219.0330872168 212.9939669185 11416.0865312316 233.5687947222 -47077.3370935428
0.5870719636 -367.2390565526 313.8189294644 312.8635347172 10563.0800217874 152.2430647991 10930.4113276774 166.5572899605 -23901.1843415057
0.6126199735 -495.5572235395 265.0346780866 272.3824055091 10438.6441540774 131.6385113236 10937.2443355767 143.1615853413 -17737.3154833539
0.6415665341 -501.0103007334 237.6390594915 239.2782278563 10392.9390014239 115.8090608795 10894.1825397205 126.2347180371 -13750.9568210271
0.6746161176 -524.8851179591 203.8165225126 202.0822581741 10291.5269681855 99.5459320447 10815.6723631146 107.7877925866 -10107.6506207061
0.7126533709 -736.9972135888 193.2716543735 193.0126554961 10182.8226794752 94.5586862940 10919.7807069996 102.7593930860 -9109.3679022051
0.7567733696 -67.9156995712 303.9834728580 304.5928491989 10505.4443293030 150.4559917561 10573.7697088370 162.2654269128 -22928.8045607286
0.8082854926 -533.8461466926 279.3128687658 279.2599842492 10233.0900589355 135.8207682678 10765.8765796477 147.8507458107 -18794.4019011618
0.8686631019 -71.7852523631 269.6825652197 267.3036277856 10442.3153962024 132.6510790506 10512.6761594564 142.7546124790 -17707.4732071510
0.9393831774 -117.5059637911 238.0125437780 246.5680374888 10462.3182401066 119.1449130985 10582.1028040366 128.7528274811 -14331.8549268042
1.0215745755 -234.9271306781 219.5650082754 223.7017732541 10437.2280012080 109.1952811925 10673.2546702024 117.3745543330 -11970.2483913179
1.1154910020 -647.4702157476 229.0159647842 228.4078672876 10288.7258762974 111.9929673759 10935.6153510556 121.2828771267 -12704.6325264026
1.2200705356 -349.0680891977 189.6502362650 194.2783096699 10433.8971320966 94.0226608113 10784.0970099744 101.3588937822 -8854.3617454387
1.3329223605 -308.9710052659 203.1840506062 200.2226197149 10531.0457937906 99.8820106398 10838.2187559827 107.2446240620 -9955.6050209163
1.4508951600 -434.3736223098 195.9105348332 192.4587653861 10485.7195715840 94.6163744784 10918.7504520718 101.9128529060 -8946.3768511223
1.5709028004 -565.9095703362 212.2124806337 209.3898233636 10284.2309662638 104.8276396586 10849.0506680603 112.1437949374 -10918.6643405429
1.6905000643 99.5515976397 226.7615230168 229.0577374285 10625.4885658828 113.5461027936 10525.7190519444 121.5022245352 -12791.6979690895
1.8080453889 -441.7297665261 200.4540487620 198.8201296396 10473.5653091929 99.5475226359 10914.1468110366 107.1395608646 -9844.3227543280
1.9225876839 -425.6562354590 138.1893964500 136.9410247494 10504.9411063003 67.7979150694 10930.3766315920 72.5328760415 -4544.0445314065
2.0336657765 -189.7097486317 143.8470526942 143.3383534789 10486.4385302999 70.7067368681 10676.2908305045 75.9638455087 -4964.9148136720
2.1411280889 -271.3948452375 148.7554273564 151.6562404255 10406.8465500773 74.1848604366 10678.6471973685 79.3103920915 -5444.4124232754
2.2450052460 -418.7020776160 162.7224551060 160.5388818744 10344.8957132352 80.2012927662 10763.3115748188 85.5023300877 -6324.0277913623
2.3454259461 -359.4202758471 172.5515955892 172.7541081437 10437.0542947018 85.3340596852 10796.5095844337 91.4641754630 -7215.0355967800
2.4425670600 -427.9969253887 183.4185417749 181.8232519993 10512.8430002172 90.1974208977 10940.4460264008 96.2031670339 -8015.9368354438
2.5366234498 -360.5576048193 197.5175944628 197.7885753605 10669.4866104976 97.4257923700 11029.8689001083 104.3058252752 -9387.1764150928
2.6277924116 -285.5639781821 198.4670127210 193.9490912474 10826.6593376048 97.6696363830 11110.9699535096 104.0943198502 -9366.0364706643
2.7162642510 -445.9409005577 218.2855873652 217.7341722604 10770.7707324483 106.8893751115 11216.4223519058 114.4053098601 -11298.6055211337
2.8022189483 -516.1386160348 232.1957517031 240.0297997042 10777.4672607341 116.9331425579 11296.6406451773 125.3219398480 -13524.1094240052
2.8858230575 21.8510283876 249.1166936906 246.6423000375 11021.9246451753 123.3507321078 10999.3159922116 131.8676419669 -15006.2875999810
2.9672302195 -276.0844702214 261.5643660197 262.9167224738 10795.4021166392 130.4486471644 11072.0686654559 139.1066665988 -16764.2525513994
3.0465804988 -415.3180033531 269.0216287841 266.9512669266 10688.4993933054 133.1285505532 11102.5716316788 142.3423336414 -17479.1421408513
3.1240025570 -450.1221738333 285.0528908044 287.3503812555 10568.5588511634 142.1414057784 11019.3455946248 151.3920773464 -19832.1757371506
3.1996138239 -316.7269291669 294.3457301583 293.2388973419 10536.8654386122 145.7353970160 10853.1604417374 154.9916537954 -20821.7660674425
3.2735214911 -703.1330656655 305.1632390624 309.8904766175 10287.1860009499 151.6927987565 10992.4624563620 162.4245801117 -22661.6505066938
3.3458231370 -390.7126929043 310.7788419420 302.9579942337 10512.0994356324 153.0400311601 10900.4939270118 163.2330311941 -22998.4076150451
3.4166084541 172.0967728924 319.5587430548 317.1182595919 10736.3894420909 158.7920299781 10562.0167287198 169.6519022367 -24788.4506966349
3.5030130468 -370.6943699889 285.9082176569 282.9729002590 10483.5482336737 141.8455186741 10853.9491053492 151.7859857604 -19922.0066936505
3.6040330786 179.3901599596 293.5492095392 296.1371863401 10710.8890507171 146.4074664445 10532.5683917454 155.6533084885 -20998.7571360483
3.7022595721 -353.8667195992 318.8885929736 316.5288194988 10444.8115253631 157.6595046416 10797.2730034151 168.3219213803 -24467.1341481449
3.7978920973 2.0622052431 332.9618032043 342.8390877374 10505.7831039396 166.3828680326 10506.7085107484 176.8086335054 -27116.6526223716
3.8911081810 -687.9847561753 353.1859914794 352.2574137544 10161.0204862990 175.0662072743 10848.9315784163 186.0810438314 -30058.7433096286
3.9820666959 -1208.2887382373 385.3937516784 387.8614675042 10116.3407927836 190.7559539838 11325.3972358473 203.8190489076 -35779.1085883229
4.0709108018 -269.2113303399 379.6837205265 379.5424529736 10544.7520807003 188.8251773611 10813.8723588299 201.1155991705 -34878.0317027934
4.1577683093 -433.9292575615 402.2491562398 411.1541199004 10530.9584600673 201.7423609578 10967.5626774506 215.1031762570 -39842.1102192238
4.2427556476 615.0741299943 425.8767848427 424.9023224326 11343.3720403458 211.7886676741 10727.7513681380 224.7372198245 -43768.0623395944
4.3259782277 -864.6873948155 461.5263964360 458.7198492136 10869.8949366553 228.4378246120 11733.9766167733 243.7258953117 -51233.2214589508
4.4075320236 82.3462187075 481.3214766832 478.4840172538 11337.1965785309 237.1846607154 11254.6740019683 253.8655056559 -55226.9806605237
4.4875047898 469.2142322930 517.7237193948 522.9912975792 11253.3561152320 258.5431329760 10785.7488477530 274.4191244102 -65168.0748703085
4.5659767836 -166.2801219456 515.0778332440 522.7372589485 10836.1611989188 259.6217291668 11004.0154550400 277.2271879971 -65952.5400225244
4.6430217986 -684.4754094262 552.5841654698 555.4065133163 10460.6436571388 272.8923842294 11146.8311281359 291.9107048323 -73020.2483146590
4.7187075192 -1321.3980796499 572.9732973887 566.7801996263 10147.8814934569 285.3678041316 11464.9873767612 303.8898672778 -79433.5442300270
4.7930971341 759.8481094791 595.6341546932 592.4590941901 11193.8171576893 295.0933390770 10432.2948768988 313.0410654449 -84975.9776038479
4.8782854109 -741.7685068922 561.4897794159 555.8695107940 10396.5994598365 278.2038922149 11136.7246869964 296.9689194022 -76080.4250419112
4.9737336786 -214.3426684481 574.9052883711 579.5295338205 10662.9511982728 288.7219702617 10880.2997170724 306.0796113143 -81304.9878717078
5.0672065950 -371.8927924789 610.0151420447 611.3631401798 10493.5071629753 305.1876347388 10864.9530626422 323.5967990224 -90456.2279730214
5.1588096297 -25.6827755803 675.6362158571 674.8975224445 10697.4521874017 333.3742807657 10725.2101381861 355.2415653435 -108739.3844378786
5.2486392094 278.7327205805 662.2481330234 669.8941093125 11004.7884230009 333.3743732131 10727.6396775313 354.5560512566 -108452.4864118307
