0.5396738302 -1451.4153389613 584.8913349983 592.0571405723 10028.5077781113 287.1235198620 11481.0238675455 313.4062517120 -84966.4891240899
0.5938206406 -1133.4745479461 200.5231683457 199.6800926552 10132.4065516059 97.8841624313 11264.2893763974 106.6990785650 -9826.5624081742
0.6580913259 -912.4761129282 155.8599634550 156.5479593272 10137.6444726006 76.1148252273 11050.3719942227 82.9900495743 -5937.7723884668
0.7347133702 -813.3708346585 183.0273854584 174.6768853900 10126.8513356852 87.5858330681 10938.6090637227 94.7699815037 -7785.8845217508
0.8229707471 -807.2642290622 225.8993847379 228.0215340922 10066.2192363085 111.5431656317 10873.7328559604 120.9773231438 -12638.2027938087
0.9212504342 -687.1408139289 206.6440964633 201.2473333826 10175.9533962789 100.7452196189 10861.0078662111 108.6386066100 -10234.0116163929
1.0445814052 -1075.4023085274 181.0169706807 182.2107372445 9992.8474940634 89.2457852664 11068.3191848855 96.1177637971 -8016.2276968201
1.1935093368 -834.4690804054 165.9342669302 168.7936861320 10187.7483115857 81.6878724836 11022.9568093548 88.1560824540 -6691.3576498861
1.3622863855 -570.5079270230 165.8892044236 164.3335624615 10385.0132985842 81.3221134694 10955.2239020225 87.7427556171 -6624.8053079507
1.5408604951 -1017.5062283814 167.6957357448 167.8474853766 10088.1646975495 82.7557870122 11105.6785405438 89.2373342932 -6855.3534280021
1.7200011614 -551.5424783929 190.5904661868 192.3959508949 10318.7764944105 94.3766028614 10870.7157436069 100.8269243637 -8808.0939110973
1.9221523121 -826.7161602105 100.2911139280 99.9781718566 10245.1550006418 49.3492184196 11071.8206947251 53.1062523182 -2418.4496639007
2.1406792032 -985.3968950295 109.0256105599 107.7580538826 10048.1726538158 54.0387876845 11032.9839358659 57.5007302397 -2873.5255761622
2.3450158942 -1028.3587510846 120.3645958443 121.4847160315 10090.8765535146 60.0025837109 11119.1456256874 64.2642388906 -3563.6946196647
2.5590578220 -1094.1760818790 125.0795856505 125.8484359855 10299.6494763136 61.8999246546 11394.3580950689 66.4156571764 -3795.6402186421
2.8014354189 -1054.7390207851 135.4941236722 131.4430262186 10475.5999721132 66.0228813392 11529.1993895358 70.7861669938 -4307.9617323110
3.0459377584 -917.6311340962 155.0016159659 154.1327221233 10395.3663146922 76.8503594894 11312.0720331354 81.9444485261 -5797.6234197977
3.2910017061 -901.6689520739 162.5114288017 161.7203450799 10262.8028279573 80.0483339814 11164.2757833645 85.6481508909 -6302.3143992579
3.5531466968 -908.0407344668 176.5821904354 179.4199883589 10183.6971931913 87.8245123726 11092.6879943551 93.8834448464 -7585.4639870606
3.8284372252 -1133.5497451372 198.6399689135 197.0404624793 10003.9243510318 97.8536570896 11137.0513881610 104.4231441775 -9396.8047255115
4.1137683777 -840.7922885130 220.9604373519 219.2297323640 10285.1892056488 109.1157899264 11125.7781662295 116.6765355124 -11705.4627141253
4.4199884689 -935.4407139600 242.2566426103 239.3322273713 10701.3093037099 120.4192790189 11634.9156398822 128.6116244052 -14222.3551585459
4.7426992088 -560.7467824953 277.5785396518 279.3880322905 10478.0040413674 139.1058970843 11039.1843374108 148.6522530322 -18985.9467988388
5.0777459542 -863.1831111620 317.6539083311 317.2133518380 10254.7146559188 157.8333456270 11117.0962812478 168.3169402946 -24395.4427434676
