0.5256804089 -1537.9686601273 1272.1528488029 1277.1280642527 9997.5659277800 616.6055402982 11537.5899504485 673.7006646248 -392583.3486920882
0.5440095521 -1275.6163345208 667.9374599735 667.0125955415 10099.5345641405 324.8254866389 11375.8136124728 355.7292033966 -109010.7897350542
0.5643542791 -1710.3405733897 431.7682197589 430.6962929672 9906.0532946775 209.5483027077 11617.5684758773 229.0706545912 -45267.9859561355
0.5870719636 -1377.6097260802 315.9334284589 321.2280735114 10048.5714850410 155.4282298640 11428.1051061516 169.9391157787 -24832.1545455319
0.6126199735 -552.6354321009 276.0654566767 278.6948103584 10350.6679307242 135.0262397389 10904.2629109389 146.7415621559 -18667.8774577385
0.6415665341 -661.6888257276 231.4815638608 236.4556944193 10281.1725193433 114.7865885639 10943.9174921760 124.8695857783 -13467.6443660830
0.6746161176 -1161.2421357140 202.4249096748 205.2814792158 9994.3200729701 100.1468988282 11156.6810789079 108.5579878095 -10224.3038983806
0.7126533709 -780.4355445243 190.3923827429 188.5219384305 10132.0471147271 93.6499180681 10912.0953059793 101.1219222095 -8860.1472907845
0.7567733696 -845.3470750073 306.1468781368 300.2343832392 10121.8717368905 148.5751652972 10964.8732467657 161.0256689296 -22482.4299846768
0.8082854926 -849.7421305663 282.3193966113 278.1010368804 10051.9887340508 136.8989404851 10899.3398473454 148.8273571241 -19092.1289643065
0.8686631019 -554.0702963333 272.2353141624 275.4647411781 10174.5411233112 134.0168586290 10729.7310961967 144.7755730057 -18153.2171518782
0.9393831774 -836.0304900814 239.9329355103 240.6824541606 10136.6627126454 118.4894721099 10973.0464646532 127.8217228339 -14157.7050092279
1.0215745755 -741.0720273742 221.1311386544 216.5917499569 10128.7666069442 108.2466808173 10868.3128380612 116.7312357295 -11801.8491102549
1.1154910020 -1317.4904919829 214.8536766805 215.4418737372 9939.4633774777 105.9350740203 11256.6060938090 114.1076061873 -11259.1762818052
1.2200705356 -807.2664463559 196.8490507914 200.9393210017 10202.8805835077 97.9438308972 11011.9075213777 105.7824956946 -9613.3809595796
1.3329223605 -541.8154686531 205.8723221627 201.0658687973 10393.9434169022 100.4532023521 10934.1962144237 108.3498625297 -10087.6241366443
1.4508951600 -908.1503774537 192.1807744601 195.9291721266 10235.4526643774 95.6706590856 11144.6427093824 103.0650296756 -9136.1599521622
1.5709028004 -933.2300138719 209.9187533558 209.3675896996 10080.1478190183 104.2334999806 11012.7645386268 111.8757103033 -10837.0417908541
1.6905000643 -410.9309816578 230.5720173784 231.5814906801 10373.1388522528 113.9868609823 10784.0483254262 121.7428919623 -12871.6185751885
1.8080453889 -848.7524137806 198.3810602928 195.7798496926 10235.3889357265 97.2534786721 11082.4532321359 104.6353860408 -9383.6248890620
1.9225876839 -867.0966803325 139.7901608649 139.4997862913 10241.5810603618 68.7564660228 11108.3614328488 73.8910912384 -4693.2978597278
2.0336657765 -746.1774980438 144.0473439724 146.7950912685 10207.5283508297 72.4448047938 10954.0163328964 77.4195017463 -5186.6725183804
2.1411280889 -906.1150070327 149.9108036570 152.0984501706 10074.3605837501 75.1016335798 10981.2228357399 79.8503134069 -5537.0059668674
2.2450052460 -1078.5071195353 164.2070898431 162.8756514177 9995.3166736395 81.0134475557 11073.8629034694 86.9575065615 -6514.0104019000
2.3454259461 -1130.9378681893 169.8003113551 172.4077639103 10041.7280975591 85.0860398212 11173.4619888528 90.7661274391 -7144.4034408086
2.4425670600 -1064.5677283192 182.2447498677 182.7472786161 10172.2089705511 90.9624509537 11237.3892384795 97.3502512028 -8180.5396161408
2.5366234498 -935.7601321750 196.2588093865 196.4750648054 10358.6066406351 96.9794403694 11295.0493818988 104.0465542888 -9297.4219874041
2.6277924116 -1255.3844486297 205.0975081380 202.7001503516 10295.2728004982 100.5753941262 11550.4290527046 108.0682758861 -9997.1678603622
2.7162642510 -1154.9125886355 211.2297890507 213.1233017757 10410.3433373090 105.0767837737 11565.8117618951 112.4876185501 -10889.4710913415
2.8022189483 -1175.5450733655 229.8239796359 232.8881566099 10419.9360196043 115.5420907270 11595.9670938580 123.3265760668 -13124.7041327798
2.8858230575 -829.7260859536 250.2417495177 245.2222170556 10597.2538685146 122.3746815212 11425.1218348724 130.9876988664 -14766.7225605248
2.9672302195 -827.2191176462 258.1133497361 253.3742868986 10501.7814540671 127.0395408572 11327.5180811104 135.3968389715 -15852.4703668425
3.0465804988 -859.3888652774 265.0121126269 264.5304585541 10418.9047212678 131.1790728511 11278.4727005721 139.7536320551 -16875.8848425522
3.1240025570 -1066.3029966638 285.0481976425 282.9763264966 10264.7322537812 140.1737685880 11330.9566782011 149.7736198271 -19329.3875202973
3.1996138239 -870.1545252512 286.3009412077 283.9830985671 10286.6294691415 141.9331077970 11155.7999164280 150.9819005542 -19759.6341329230
3.2735214911 -941.3149448047 297.1100107832 292.8920910592 10232.7469919618 146.8974389913 11172.7486322881 157.1099143985 -21186.0869221332
3.3458231370 -1205.3147419478 313.6047386633 309.5267466856 10123.1418254349 154.6945992035 11328.0606124456 165.5648347824 -23553.3424801485
3.4166084541 -448.4827988112 323.5603427494 328.1363336305 10453.1896041060 161.7050551436 10902.1988618051 172.6040173993 -25682.8092580292
3.5030130468 -1093.5293800431 281.4864289313 281.0199051704 10094.9819854805 138.9635459409 11187.9569066105 149.0144851196 -19083.0378701262
3.6040330786 -1052.8129517501 296.7714482757 293.5043163302 10106.6508342466 145.5976316257 11158.8800864704 155.8547661561 -20837.5820338312
3.7022595721 -863.2078071056 318.7980837098 316.0229426705 10210.2013405022 157.9139193192 11071.5851168331 167.3390651206 -24303.0652575239
3.7978920973 -969.4071897963 330.3479060102 334.3935557527 10058.3283704710 164.3498232165 11028.4761723012 175.4900384540 -26565.4219327948
3.8911081810 -1254.5195083273 352.0665406266 351.6414415601 9909.6819480927 175.8746509686 11165.0099230974 186.7561319628 -30186.2295365626
3.9820666959 -1237.2762744324 380.1129286631 373.1873178730 10017.6635815667 187.3856202705 11250.9628756991 199.9264931956 -34453.4083444854
4.0709108018 -539.0105886034 398.8646118681 393.2099428412 10384.5759616619 197.2968929824 10921.7059273850 210.2211373363 -38216.6752229258
4.1577683093 -864.0919703683 412.6401778961 406.9009967824 10201.0766467502 204.5139655553 11063.6986220959 218.1469657057 -41033.9166456578
4.2427556476 -808.2897891555 432.7938076500 435.7563467885 10623.2059778719 214.8384454102 11433.4055603211 228.9382917648 -45204.2216079280
4.3259782277 -241.5984544137 449.0633435004 445.2205834694 11147.3600529807 221.8457622502 11388.7724397992 237.1320805843 -48254.3717209851
4.4075320236 -963.4509124188 474.3930300748 475.4245215499 10825.8895083585 234.6974177585 11790.1792554630 251.4406430546 -54096.3561258235
4.4875047898 -925.6486163762 523.2042551767 520.9895080113 10644.4888901308 257.9446061752 11570.2127146585 274.7496319611 -65080.1490027592
4.5659767836 -1341.3844601732 523.6309152924 521.3256471862 10188.9911027409 260.4150981183 11529.6651243532 278.5336636692 -66417.8165485872
4.6430217986 -1120.3933540664 560.3874471372 549.9518073570 10223.1542893957 274.1542802836 11339.7700233801 294.6323400872 -74056.7659693632
4.7187075192 246.0946377306 561.8062968684 547.4586725784 10831.9330081512 276.9879645778 10581.2465905628 293.9306509030 -74400.7747513882
4.7930971341 -884.7994735650 584.7008696087 581.7211383850 10374.0681551564 289.6831790273 11258.1006133166 309.9184729164 -82492.1986667901
4.8782854109 -891.0043859818 543.3639360517 549.2214012924 10268.5069887327 272.9547813792 11163.5244749731 291.5796711171 -73003.8925995084
4.9737336786 -734.3207330964 575.7021587045 560.8781153753 10282.3392933252 282.2355630438 11012.4790393483 301.5236139170 -78155.8523809500
5.0672065950 -874.1277908855 605.3513362845 599.0230974344 10233.3408862930 298.3949089140 11104.2213554580 319.1771722547 -87302.4347824017
5.1588096297 -222.8954991632 662.8387423650 670.2636003271 10639.1171980936 329.5946416182 10865.5329436733 350.1724781421 -106169.3626828273
5.2486392094 -1952.8856886585 683.5525152390 665.9116568613 9688.9958937239 333.9097931652 11637.8804733989 358.0585967716 -109768.2976367551
